1078.72
10547.6
32
32
0
bombers
55
266.943
15094
32
32
0
bombers
94
348.526
14994.9
32
32
0
bombers
86
786.277
13858.9
32
32
0
bombers
21
-300.082
17176.6
32
32
0
bombers
6
-936.784
17068.7
32
32
0
bombers
7
135.985
17237.5
32
32
0
bombers
5
-20.0094
17209.6
32
32
0
bombers
5
-841.463
17079.9
32
32
0
bombers
5
-1019.81
17072.3
32
32
0
bombers
5
-1014.35
17070.8
32
32
0
bombers
7
-666.696
17116.6
32
32
0
bombers
9
95.9505
17222.5
32
32
0
bombers
8
-657.579
17087.3
32
32
0
bombers
6
-787.088
17066.1
32
32
0
bombers
8
-678.296
17089.6
32
32
0
bombers
6
1219.85
7924.18
32
32
0
bombers
6
184.343
17196.4
32
32
0
bombers
6
-148.107
17150.6
32
32
0
bombers
7
-976.139
17065.1
32
32
0
bombers
7
-310.925
17146.2
32
32
0
bombers
9
-838.764
17071.6
32
32
0
bombers
6
-407.129
17110.1
32
32
0
bombers
9
1168
17342
32
32
0
bombers
6
1219.09
7878.3
32
32
0
bombers
7
1210.52
8574.4
32
32
0
bombers
7
242.271
17212.7
32
32
0
bombers
9
-448.798
17094.9
32
32
0
bombers
5
-346.611
17103
32
32
0
bombers
9
-3.08649
17144
32
32
0
bombers
7
-380.722
17113.9
32
32
0
bombers
8
-616.067
17077.8
32
32
0
bombers
5
-429.005
17095.1
32
32
0
bombers
5
-616.382
17057.2
32
32
0
bombers
8
328.78
17216.8
32
32
0
bombers
5
-610.23
17049
32
32
0
bombers
7
-183.699
17159.3
32
32
0
bombers
7
227.204
17164.4
32
32
0
bombers
6
965
17222
32
32
0
bombers
7
1013
17222
32
32
0
bombers
9
-748.507
17165.8
32
32
0
bombers
5
-424.301
17079.7
32
32
0
bombers
6
-261.924
17095.1
32
32
0
bombers
8
-744.567
17034.9
32
32
0
bombers
9
-553.006
17259.9
32
32
0
bombers
9
-835.466
17136.6
32
32
0
bombers
6
-720.226
17144.6
32
32
0
bombers
6
-74.9727
17124.5
32
32
0
bombers
7
-373.345
17065.5
32
32
0
bombers
5
455.966
17216.4
32
32
0
bombers
8
-873.765
17079.7
32
32
0
bombers
8
-768.6
17076.5
32
32
0
bombers
6
-817.755
17055.2
32
32
0
bombers
7
917
17222
32
32
0
bombers
9
965
17222
32
32
0
bombers
9
1013
17222
32
32
0
bombers
9
-718.469
17143.7
32
32
0
bombers
5
-1011.91
17065.4
32
32
0
bombers
6
-371.04
17054
32
32
0
bombers
8
-355.011
17050.6
32
32
0
bombers
8
-557.632
17225.5
32
32
0
bombers
7
-925.99
17088.7
32
32
0
bombers
9
-885.18
17080.5
32
32
0
bombers
5
-273.273
17065
32
32
0
bombers
5
-5.98989
17109
32
32
0
bombers
9
1216
17342
32
32
0
bombers
8
-349.308
17122.7
32
32
0
bombers
7
-927.47
17034.1
32
32
0
bombers
9
-729.491
17036.8
32
32
0
bombers
6
917
17222
32
32
0
bombers
8
226.526
17118.6
32
32
0
bombers
6
1013
17222
32
32
0
bombers
6
-947.725
17066.2
32
32
0
bombers
7
-344.09
17184.9
32
32
0
bombers
9
-592.317
17096
32
32
0
bombers
6
-812.285
17209.7
32
32
0
bombers
9
-675.733
17189.5
32
32
0
bombers
5
-39.459
17082.9
32
32
0
bombers
8
-290.808
17038.7
32
32
0
bombers
8
775
17180
32
32
0
bombers
8
-534.026
17202.1
32
32
0
bombers
6
-568.788
17153.7
32
32
0
bombers
5
-234.468
17136.1
32
32
0
bombers
5
1120
17342
32
32
0
bombers
7
1168
17342
32
32
0
bombers
6
1216
17342
32
32
0
bombers
7
85
17155
32
32
0
bombers
7
229
17155
32
32
0
bombers
5
373
17155
32
32
0
bombers
6
917
17222
32
32
0
bombers
8
965
17222
32
32
0
bombers
7
1013
17222
32
32
0
bombers
9
-755.491
17016.1
32
32
0
bombers
5
101
17304
32
32
0
bombers
9
245
17304
32
32
0
bombers
6
-767.238
17197.3
32
32
0
bombers
5
-647.248
17211.4
32
32
0
bombers
7
-1057.56
17054.5
32
32
0
bombers
9
-895.619
17150.3
32
32
0
bombers
8
-560.08
17343.7
32
32
0
bombers
9
-743.72
17171.5
32
32
0
bombers
7
679
17180
32
32
0
bombers
5
727
17180
32
32
0
bombers
8
775
17180
32
32
0
bombers
6
-630.536
17132.2
32
32
0
bombers
8
-349.53
17159.5
32
32
0
bombers
7
-590.373
17020.7
32
32
0
bombers
7
1120
17342
32
32
0
bombers
8
1168
17342
32
32
0
bombers
5
1216
17342
32
32
0
bombers
8
85
17155
32
32
0
bombers
6
229
17155
32
32
0
bombers
6
373
17155
32
32
0
bombers
6
917
17222
32
32
0
bombers
7
965
17222
32
32
0
bombers
8
1013
17222
32
32
0
bombers
6
-585.993
17050
32
32
0
bombers
9
101
17304
32
32
0
bombers
9
245
17304
32
32
0
bombers
7
-972.779
17071.4
32
32
0
bombers
8
-1010.9
17049.9
32
32
0
bombers
6
-543.923
17176.2
32
32
0
bombers
5
-852.54
17151.2
32
32
0
bombers
8
-602.321
17216.6
32
32
0
bombers
9
679
17180
32
32
0
bombers
9
727
17180
32
32
0
bombers
7
775
17180
32
32
0
bombers
6
-602.955
17106.6
32
32
0
bombers
8
-476.928
17107
32
32
0
bombers
5
-726.568
16997.5
32
32
0
bombers
8
1120
17342
32
32
0
bombers
7
1168
17342
32
32
0
bombers
5
1216
17342
32
32
0
bombers
5
85
17155
32
32
0
bombers
9
229
17155
32
32
0
bombers
8
373
17155
32
32
0
bombers
6
917
17222
32
32
0
bombers
6
965
17222
32
32
0
bombers
7
1013
17222
32
32
0
bombers
5
-516.729
17065.3
32
32
0
bombers
7
101
17304
32
32
0
bombers
6
245
17304
32
32
0
bombers
9
-854.771
17030.5
32
32
0
bombers
5
-809.056
17143
32
32
0
bombers
9
-750.69
17140.6
32
32
0
bombers
8
-548.572
17210.3
32
32
0
bombers
6
679
17180
32
32
0
bombers
6
727
17180
32
32
0
bombers
9
775
17180
32
32
0
bombers
7
-408.758
17148.2
32
32
0
bombers
6
-486.4
17070.7
32
32
0
bombers
8
-554.871
17027.7
32
32
0
bombers
8
1120
17342
32
32
0
bombers
9
1168
17342
32
32
0
bombers
7
1216
17342
32
32
0
bombers
6
85
17155
32
32
0
bombers
9
229
17155
32
32
0
bombers
8
373
17155
32
32
0
bombers
5
-642.676
17263.9
32
32
0
bombers
5
-715.543
17159.8
32
32
0
bombers
6
-629.66
17374.6
32
32
0
bombers
7
-946.068
17082.3
32
32
0
bombers
8
-741.205
17139.3
32
32
0
bombers
5
917
17222
32
32
0
bombers
9
965
17222
32
32
0
bombers
5
1013
17222
32
32
0
bombers
7
-675.103
17276.6
32
32
0
bombers
9
-581.885
17280.7
32
32
0
bombers
7
-770.249
17118.8
32
32
0
bombers
9
-342.032
17077.1
32
32
0
bombers
8
101
17304
32
32
0
bombers
6
245
17304
32
32
0
bombers
5
-1003.02
17237.9
32
32
0
bombers
6
-693.124
17059
32
32
0
bombers
7
-550.008
17080.8
32
32
0
bombers
9
-672.806
17193.9
32
32
0
bombers
8
-780.694
17084.3
32
32
0
bombers
5
-680.264
17094.4
32
32
0
bombers
5
679
17180
32
32
0
bombers
8
727
17180
32
32
0
bombers
7
775
17180
32
32
0
bombers
6
-198
17342
32
32
0
bombers
7
-54
17342
32
32
0
bombers
8
89
17342
32
32
0
bombers
8
1120
17342
32
32
0
bombers
8
1168
17342
32
32
0
bombers
7
1216
17342
32
32
0
bombers
7
85
17155
32
32
0
bombers
6
229
17155
32
32
0
bombers
9
373
17155
32
32
0
bombers
8
-601
17736
32
32
0
bombers
7
-457
17736
32
32
0
bombers
8
-313
17736
32
32
0
bombers
6
-554
17771
32
32
0
bombers
5
-410
17771
32
32
0
bombers
7
-266
17771
32
32
0
bombers
6
-80
17911
32
32
0
bombers
8
63
17911
32
32
0
bombers
9
207
17911
32
32
0
bombers
5
917
17222
32
32
0
bombers
5
965
17222
32
32
0
bombers
6
1013
17222
32
32
0
bombers
7
-500
17811
32
32
0
bombers
6
-356
17811
32
32
0
bombers
8
-212
17811
32
32
0
bombers
6
-42
17304
32
32
0
bombers
7
101
17304
32
32
0
bombers
9
245
17304
32
32
0
bombers
8
-1070.67
17221.3
32
32
0
bombers
8
-451
17336
32
32
0
bombers
5
-307
17336
32
32
0
bombers
5
-461
17626
32
32
0
bombers
5
-317
17626
32
32
0
bombers
6
-173
17626
32
32
0
bombers
5
679
17180
32
32
0
bombers
8
727
17180
32
32
0
bombers
5
775
17180
32
32
0
bombers
5
-198
17342
32
32
0
bombers
8
-54
17342
32
32
0
bombers
5
89
17342
32
32
0
bombers
6
85
17155
32
32
0
bombers
9
229
17155
32
32
0
bombers
7
373
17155
32
32
0
bombers
5
-601
17736
32
32
0
bombers
7
-457
17736
32
32
0
bombers
5
-313
17736
32
32
0
bombers
5
-554
17771
32
32
0
bombers
9
-410
17771
32
32
0
bombers
5
-266
17771
32
32
0
bombers
7
-80
17911
32
32
0
bombers
5
63
17911
32
32
0
bombers
6
207
17911
32
32
0
bombers
8
-500
17811
32
32
0
bombers
8
-356
17811
32
32
0
bombers
8
-212
17811
32
32
0
bombers
9
-42
17304
32
32
0
bombers
8
101
17304
32
32
0
bombers
9
245
17304
32
32
0
bombers
5
-884.728
17266.7
32
32
0
bombers
6
-451
17336
32
32
0
bombers
6
-307
17336
32
32
0
bombers
7
-461
17626
32
32
0
bombers
6
-317
17626
32
32
0
bombers
5
-173
17626
32
32
0
bombers
5
1229
18820
32
32
0
bombers
9
246.723
17473.4
32
32
0
bombers
6
897.633
17959.8
32
32
0
bombers
5
-198
17342
32
32
0
bombers
9
-54
17342
32
32
0
bombers
7
89
17342
32
32
0
bombers
6
85
17155
32
32
0
bombers
8
229
17155
32
32
0
bombers
5
373
17155
32
32
0
bombers
9
-601
17736
32
32
0
bombers
9
-457
17736
32
32
0
bombers
7
-313
17736
32
32
0
bombers
5
-554
17771
32
32
0
bombers
8
-410
17771
32
32
0
bombers
8
-266
17771
32
32
0
bombers
8
-80
17911
32
32
0
bombers
5
63
17911
32
32
0
bombers
9
207
17911
32
32
0
bombers
5
-500
17811
32
32
0
bombers
6
-356
17811
32
32
0
bombers
7
-212
17811
32
32
0
bombers
7
963.841
18131.8
32
32
0
bombers
8
805.363
17858
32
32
0
bombers
9
815.461
17782.4
32
32
0
bombers
6
-42
17304
32
32
0
bombers
9
101
17304
32
32
0
bombers
6
245
17304
32
32
0
bombers
8
-1097.99
17214.6
32
32
0
bombers
6
-451
17336
32
32
0
bombers
9
-307
17336
32
32
0
bombers
5
-461
17626
32
32
0
bombers
9
-317
17626
32
32
0
bombers
8
-173
17626
32
32
0
bombers
6
1229
18820
32
32
0
bombers
8
1373
18820
32
32
0
bombers
6
1517
18820
32
32
0
bombers
7
-198
17342
32
32
0
bombers
9
-54
17342
32
32
0
bombers
5
89
17342
32
32
0
bombers
9
85
17155
32
32
0
bombers
9
229
17155
32
32
0
bombers
7
373
17155
32
32
0
bombers
9
-601
17736
32
32
0
bombers
7
-457
17736
32
32
0
bombers
8
-313
17736
32
32
0
bombers
5
-554
17771
32
32
0
bombers
9
-410
17771
32
32
0
bombers
7
-266
17771
32
32
0
bombers
5
1160.58
17824.4
32
32
0
bombers
9
670.894
17448.6
32
32
0
bombers
6
1283.11
17787.6
32
32
0
bombers
9
-80
17911
32
32
0
bombers
7
63
17911
32
32
0
bombers
8
207
17911
32
32
0
bombers
9
-500
17811
32
32
0
bombers
5
-356
17811
32
32
0
bombers
6
-212
17811
32
32
0
bombers
5
1568
19038
32
32
0
bombers
6
1712
19038
32
32
0
bombers
6
1856
19038
32
32
0
bombers
8
-42
17304
32
32
0
bombers
9
101
17304
32
32
0
bombers
7
245
17304
32
32
0
bombers
5
-897.579
17263.6
32
32
0
bombers
6
-451
17336
32
32
0
bombers
7
-307
17336
32
32
0
bombers
9
-461
17626
32
32
0
bombers
9
-317
17626
32
32
0
bombers
8
-173
17626
32
32
0
bombers
9
712.236
17462
32
32
0
bombers
6
1334.72
17813.4
32
32
0
bombers
5
1549.34
17900.4
32
32
0
bombers
8
975.976
17489.3
32
32
0
bombers
5
725.444
17312.5
32
32
0
bombers
9
1110.05
17470.1
32
32
0
bombers
9
1229
18820
32
32
0
bombers
5
1373
18820
32
32
0
bombers
8
1517
18820
32
32
0
bombers
8
-198
17342
32
32
0
bombers
9
-54
17342
32
32
0
bombers
5
89
17342
32
32
0
bombers
9
-601
17736
32
32
0
bombers
7
-457
17736
32
32
0
bombers
6
-313
17736
32
32
0
bombers
8
-554
17771
32
32
0
bombers
9
-410
17771
32
32
0
bombers
9
-266
17771
32
32
0
bombers
5
2274
18922
32
32
0
bombers
5
2418
18922
32
32
0
bombers
5
2562
18922
32
32
0
bombers
8
-80
17911
32
32
0
bombers
5
63
17911
32
32
0
bombers
5
207
17911
32
32
0
bombers
5
-500
17811
32
32
0
bombers
7
-356
17811
32
32
0
bombers
5
-212
17811
32
32
0
bombers
7
1568
19038
32
32
0
bombers
7
1712
19038
32
32
0
bombers
5
1856
19038
32
32
0
bombers
6
-906.272
17261.5
32
32
0
bombers
7
-451
17336
32
32
0
bombers
5
-307
17336
32
32
0
bombers
7
-461
17626
32
32
0
bombers
7
-317
17626
32
32
0
bombers
7
-173
17626
32
32
0
bombers
7
2205
18734
32
32
0
bombers
7
2349
18734
32
32
0
bombers
9
2493
18734
32
32
0
bombers
5
2284
18533
32
32
0
bombers
6
2428
18533
32
32
0
bombers
7
2572
18533
32
32
0
bombers
9
1229
18820
32
32
0
bombers
5
1373
18820
32
32
0
bombers
5
1517
18820
32
32
0
bombers
8
-601
17736
32
32
0
bombers
5
-457
17736
32
32
0
bombers
9
-313
17736
32
32
0
bombers
5
-554
17771
32
32
0
bombers
7
-410
17771
32
32
0
bombers
8
-266
17771
32
32
0
bombers
9
2274
18922
32
32
0
bombers
9
2418
18922
32
32
0
bombers
8
2562
18922
32
32
0
bombers
8
-80
17911
32
32
0
bombers
7
63
17911
32
32
0
bombers
8
207
17911
32
32
0
bombers
5
-500
17811
32
32
0
bombers
7
-356
17811
32
32
0
bombers
9
-212
17811
32
32
0
bombers
5
1568
19038
32
32
0
bombers
7
1712
19038
32
32
0
bombers
8
1856
19038
32
32
0
bombers
7
-829.669
17280
32
32
0
bombers
8
-451
17336
32
32
0
bombers
7
-307
17336
32
32
0
bombers
8
-461
17626
32
32
0
bombers
9
-317
17626
32
32
0
bombers
5
-173
17626
32
32
0
bombers
5
2205
18734
32
32
0
bombers
6
2349
18734
32
32
0
bombers
9
2493
18734
32
32
0
bombers
6
2284
18533
32
32
0
bombers
5
2428
18533
32
32
0
bombers
7
2572
18533
32
32
0
bombers
5
1229
18820
32
32
0
bombers
8
1373
18820
32
32
0
bombers
7
1517
18820
32
32
0
bombers
8
-601
17736
32
32
0
bombers
8
-457
17736
32
32
0
bombers
5
-313
17736
32
32
0
bombers
5
-554
17771
32
32
0
bombers
7
-410
17771
32
32
0
bombers
9
-266
17771
32
32
0
bombers
9
2274
18922
32
32
0
bombers
5
2418
18922
32
32
0
bombers
6
2562
18922
32
32
0
bombers
5
-80
17911
32
32
0
bombers
6
63
17911
32
32
0
bombers
7
207
17911
32
32
0
bombers
7
-500
17811
32
32
0
bombers
6
-356
17811
32
32
0
bombers
9
-212
17811
32
32
0
bombers
8
1568
19038
32
32
0
bombers
6
1712
19038
32
32
0
bombers
6
1856
19038
32
32
0
bombers
7
-461
17626
32
32
0
bombers
8
-317
17626
32
32
0
bombers
9
-173
17626
32
32
0
bombers
6
2205
18734
32
32
0
bombers
9
2349
18734
32
32
0
bombers
6
2493
18734
32
32
0
bombers
8
2284
18533
32
32
0
bombers
8
2428
18533
32
32
0
bombers
5
2572
18533
32
32
0
bombers
6
1229
18820
32
32
0
bombers
9
1373
18820
32
32
0
bombers
9
1517
18820
32
32
0
bombers
9
-601
17736
32
32
0
bombers
7
-457
17736
32
32
0
bombers
5
-313
17736
32
32
0
bombers
8
-554
17771
32
32
0
bombers
7
-410
17771
32
32
0
bombers
6
-266
17771
32
32
0
bombers
6
2274
18922
32
32
0
bombers
8
2418
18922
32
32
0
bombers
7
2562
18922
32
32
0
bombers
5
-80
17911
32
32
0
bombers
7
63
17911
32
32
0
bombers
8
207
17911
32
32
0
bombers
8
-500
17811
32
32
0
bombers
9
-356
17811
32
32
0
bombers
9
-212
17811
32
32
0
bombers
6
1568
19038
32
32
0
bombers
5
1712
19038
32
32
0
bombers
9
1856
19038
32
32
0
bombers
8
2205
18734
32
32
0
bombers
6
2349
18734
32
32
0
bombers
6
2493
18734
32
32
0
bombers
5
2284
18533
32
32
0
bombers
7
2428
18533
32
32
0
bombers
7
2572
18533
32
32
0
bombers
6
1229
18820
32
32
0
bombers
6
1373
18820
32
32
0
bombers
5
1517
18820
32
32
0
bombers
8
-601
17736
32
32
0
bombers
7
-457
17736
32
32
0
bombers
6
-313
17736
32
32
0
bombers
7
-554
17771
32
32
0
bombers
9
-410
17771
32
32
0
bombers
9
-266
17771
32
32
0
bombers
6
2274
18922
32
32
0
bombers
8
2418
18922
32
32
0
bombers
8
2562
18922
32
32
0
bombers
8
-80
17911
32
32
0
bombers
7
63
17911
32
32
0
bombers
6
207
17911
32
32
0
bombers
6
-500
17811
32
32
0
bombers
5
-356
17811
32
32
0
bombers
9
-212
17811
32
32
0
bombers
7
1568
19038
32
32
0
bombers
5
1712
19038
32
32
0
bombers
8
1856
19038
32
32
0
bombers
6
2205
18734
32
32
0
bombers
7
2349
18734
32
32
0
bombers
8
2493
18734
32
32
0
bombers
5
2284
18533
32
32
0
bombers
9
2428
18533
32
32
0
bombers
5
2572
18533
32
32
0
bombers
5
1229
18820
32
32
0
bombers
5
1373
18820
32
32
0
bombers
8
1517
18820
32
32
0
bombers
9
-601
17736
32
32
0
bombers
9
-457
17736
32
32
0
bombers
8
-313
17736
32
32
0
bombers
9
-554
17771
32
32
0
bombers
5
-410
17771
32
32
0
bombers
5
-266
17771
32
32
0
bombers
6
2274
18922
32
32
0
bombers
7
2418
18922
32
32
0
bombers
8
2562
18922
32
32
0
bombers
9
-80
17911
32
32
0
bombers
8
63
17911
32
32
0
bombers
8
207
17911
32
32
0
bombers
7
-500
17811
32
32
0
bombers
5
-356
17811
32
32
0
bombers
9
-212
17811
32
32
0
bombers
7
1568
19038
32
32
0
bombers
9
1712
19038
32
32
0
bombers
8
1856
19038
32
32
0
bombers
6
2205
18734
32
32
0
bombers
6
2349
18734
32
32
0
bombers
5
2493
18734
32
32
0
bombers
5
2284
18533
32
32
0
bombers
8
2428
18533
32
32
0
bombers
5
2572
18533
32
32
0
bombers
9
1229
18820
32
32
0
bombers
6
1373
18820
32
32
0
bombers
5
1517
18820
32
32
0
bombers
6
2274
18922
32
32
0
bombers
7
2418
18922
32
32
0
bombers
8
2562
18922
32
32
0
bombers
8
-80
17911
32
32
0
bombers
5
63
17911
32
32
0
bombers
7
207
17911
32
32
0
bombers
9
1568
19038
32
32
0
bombers
8
1712
19038
32
32
0
bombers
9
1856
19038
32
32
0
bombers
8
2205
18734
32
32
0
bombers
5
2349
18734
32
32
0
bombers
5
2493
18734
32
32
0
bombers
7
2284
18533
32
32
0
bombers
8
2428
18533
32
32
0
bombers
9
2572
18533
32
32
0
bombers
5
1229
18820
32
32
0
bombers
5
1373
18820
32
32
0
bombers
9
1517
18820
32
32
0
bombers
7
2274
18922
32
32
0
bombers
8
2418
18922
32
32
0
bombers
6
2562
18922
32
32
0
bombers
7
1568
19038
32
32
0
bombers
7
1712
19038
32
32
0
bombers
8
1856
19038
32
32
0
bombers
6
2205
18734
32
32
0
bombers
8
2349
18734
32
32
0
bombers
5
2493
18734
32
32
0
bombers
7
2284
18533
32
32
0
bombers
8
2428
18533
32
32
0
bombers
7
2572
18533
32
32
0
bombers
9
1229
18820
32
32
0
bombers
6
1373
18820
32
32
0
bombers
6
1517
18820
32
32
0
bombers
7
2274
18922
32
32
0
bombers
8
2418
18922
32
32
0
bombers
8
2562
18922
32
32
0
bombers
5
1568
19038
32
32
0
bombers
6
1712
19038
32
32
0
bombers
7
1856
19038
32
32
0
bombers
8
2205
18734
32
32
0
bombers
9
2349
18734
32
32
0
bombers
9
2493
18734
32
32
0
bombers
9
2284
18533
32
32
0
bombers
7
2428
18533
32
32
0
bombers
7
2572
18533
32
32
0
bombers
5
2274
18922
32
32
0
bombers
7
2418
18922
32
32
0
bombers
7
2562
18922
32
32
0
bombers
8
2205
18734
32
32
0
bombers
5
2349
18734
32
32
0
bombers
8
2493
18734
32
32
0
bombers
8
2284
18533
32
32
0
bombers
9
2428
18533
32
32
0
bombers
8
2572
18533
32
32
0
bombers
5
