scraps
1076
462
32
32
scraps
1076
494
32
32
scraps
1076
526
32
32
scraps
1076
558
32
32
scraps
-618
476
32
32
scraps
-618
508
32
32
scraps
-618
540
32
32
scraps
-618
572
32
32
scraps
1120
17342
48
32
scraps
1168
17342
48
32
scraps
1216
17342
48
32
scraps
917
17222
48
32
scraps
965
17222
48
32
scraps
1013
17222
48
32
scraps
679
17180
48
32
scraps
727
17180
48
32
scraps
775
17180
48
32
scraps
85
17155
144
32
scraps
229
17155
144
32
scraps
373
17155
144
32
scraps
-42
17304
144
32
scraps
101
17304
144
32
scraps
245
17304
144
32
scraps
-198
17342
144
32
scraps
-54
17342
144
32
scraps
89
17342
144
32
scraps
-595
17336
144
112
scraps
-451
17336
144
112
scraps
-307
17336
144
112
scraps
-461
17626
144
112
scraps
-317
17626
144
112
scraps
-173
17626
144
112
scraps
-601
17736
144
112
scraps
-457
17736
144
112
scraps
-313
17736
144
112
scraps
-554
17771
144
112
scraps
-410
17771
144
112
scraps
-266
17771
144
112
scraps
-500
17811
144
112
scraps
-356
17811
144
112
scraps
-212
17811
144
112
scraps
-80
17911
144
112
scraps
63
17911
144
112
scraps
207
17911
144
112
scraps
1229
18820
144
112
scraps
1373
18820
144
112
scraps
1517
18820
144
112
scraps
1568
19038
144
112
scraps
1712
19038
144
112
scraps
1856
19038
144
112
scraps
2274
18922
144
112
scraps
2418
18922
144
112
scraps
2562
18922
144
112
scraps
2205
18734
144
112
scraps
2349
18734
144
112
scraps
2493
18734
144
112
scraps
2284
18533
144
112
scraps
2428
18533
144
112
scraps
2572
18533
144
112
